0	12.000000000	
1	12.922550201	
2	13.098851204	
3	13.853672028	
4	15.228811264	
5	20.045360565	
6	30.702583313	
7	65.729469299	
8	89.259094238	
9	92.986770630	
10	71.894309998	
11	53.390808105	
12	30.665826797	
13	19.341362000	
14	15.066326141	
15	14.001190186	
16	12.750402451	
17	12.172303200	
18	12.289855003	
19	12.016102791	
20	13.324900627	
21	12.024154663	
22	18.215780258	
23	20.329217911	
24	45.691593170	
25	72.547500610	
26	91.582572937	
27	95.117202759	
28	73.788238525	
29	49.089019775	
30	31.932086945	
31	20.787603378	
32	15.001610756	
33	14.072813988	
34	12.928415298	
35	11.907636642	
36	12.176433563	
37	11.652609825	
38	12.950135231	
39	13.217531204	
40	13.563895226	
41	21.698997498	
42	32.503604889	
43	47.877429962	
44	92.456214905	
45	101.344673157	
46	85.444442749	
47	62.454784393	
48	38.670726776	
49	24.995168686	
50	19.178743362	
51	16.219982147	
52	15.666254044	
53	12.217398643	
54	12.285444260	
55	12.980240822	
56	13.373591423	
57	13.441364288	
58	13.882447243	
59	15.651621819	
60	19.994609833	
61	28.773996353	
62	46.671195984	
63	81.076248169	
64	118.985122681	
65	112.830718994	
66	81.852272034	
67	60.390403748	
68	38.963897705	
69	24.222221375	
70	20.069934845	
71	16.051786423	
72	15.569627762	
73	14.640512466	
74	13.584541321	
75	13.082895279	
76	13.980785370	
77	13.906843185	
78	13.308618546	
79	16.181941986	
80	19.120197296	
81	19.172021866	
82	28.976888657	
83	72.954734802	
84	94.861022949	
85	108.925224304	
86	95.497673035	
87	70.849822998	
88	48.296157837	
89	32.753528595	
90	21.550724030	
91	17.491144180	
92	15.613168716	
93	14.089616776	
94	13.658615112	
95	13.035395622	
96	13.000000000	
97	13.014624596	
98	13.657129288	
99	14.191555977	
100	15.452495575	
101	16.178106308	
102	18.021074295	
103	27.396097183	
104	35.921367645	
105	69.698455811	
106	105.762855530	
107	125.626152039	
108	109.444236755	
109	81.870803833	
110	48.767696381	
111	30.765665054	
112	25.401121140	
113	18.920644760	
114	16.951690674	
115	14.740740776	
116	13.277128220	
117	13.000000000	
118	12.661835670	
119	12.122725487	
120	12.981796265	
121	13.787439346	
122	14.243265152	
123	15.000000000	
124	15.959439278	
125	20.022590637	
126	17.353496552	
127	34.740631104	
128	60.953254700	
129	88.440452576	
130	124.739120483	
131	126.815856934	
132	94.532379150	
133	68.699134827	
134	45.311038971	
135	28.531190872	
136	22.067632675	
137	19.040031433	
138	17.111110687	
139	15.093398094	
140	12.283864975	
141	13.474060059	
142	13.123067856	
143	13.000000000	
144	13.139256477	
145	13.509820938	
146	13.520906448	
147	14.014492989	
148	14.925396919	
149	16.342956543	
150	18.126934052	
151	22.608665466	
152	31.855772018	
153	42.014492035	
154	73.700820923	
155	114.266784668	
156	126.988868713	
157	116.136146545	
158	95.472381592	
159	52.830287933	
160	37.474815369	
161	27.037036896	
162	20.434782028	
163	18.325366974	
164	15.424552917	
165	14.289855003	
166	14.000000000	
167	14.000000000	
168	13.840579987	
169	13.024154663	
170	12.780562401	
171	12.665406227	
172	12.068783760	
173	12.488918304	
174	13.468599319	
175	14.376811981	
176	16.927536011	
177	18.874395370	
178	20.135677338	
179	25.913845062	
180	34.064903259	
181	54.466484070	
182	78.075576782	
183	118.930618286	
184	141.942382812	
185	137.751251221	
186	108.437446594	
187	73.335418701	
188	50.730495453	
189	33.657844543	
190	24.101324081	
191	20.354267120	
192	17.502414703	
193	15.856682777	
194	14.941499710	
195	14.215641022	
196	14.000000000	
197	14.000000000	
198	13.186515808	
199	13.000000000	
200	13.000000000	
201	13.101449013	
202	13.917874336	
203	14.734299660	
204	15.000000000	
205	15.000000000	
206	15.272141457	
207	16.666666031	
208	19.122383118	
209	21.278583527	
210	25.629419327	
211	32.228080750	
212	41.424179077	
213	63.209060669	
214	93.520454407	
215	121.529464722	
216	130.302459717	
217	122.229774475	
218	99.168968201	
219	79.959182739	
220	55.365997314	
221	35.556762695	
222	27.928726196	
223	22.837787628	
224	17.880588531	
225	16.000000000	
226	16.178937912	
227	15.189448357	
228	13.943989754	
229	14.000000000	
230	13.222222328	
231	13.000000000	
232	13.000000000	
233	13.000000000	
234	13.000000000	
235	13.000000000	
236	13.000000000	
237	13.000000000	
238	13.000000000	
239	13.125603676	
240	13.942028999	
241	14.399853706	
242	15.475040436	
243	16.304347992	
244	17.640901566	
245	21.586151123	
246	24.222152710	
247	27.223171234	
248	34.123050690	
249	48.605613708	
250	70.162643433	
251	82.217048645	
252	115.344673157	
253	128.020568848	
254	127.241996765	
255	117.872505188	
256	102.009597778	
257	83.155021667	
258	66.535110474	
259	46.792758942	
260	33.706604004	
261	27.018903732	
262	21.976280212	
263	20.239934921	
264	18.845411301	
265	17.098228455	
266	15.187324524	
267	15.000000000	
268	15.000000000	
269	14.187440872	
270	14.000000000	
271	14.000000000	
272	13.756843567	
273	13.178744316	
274	13.000000000	
275	13.000000000	
276	13.000000000	
277	13.000000000	
278	13.000000000	
279	13.000000000	
280	13.000000000	
281	13.000000000	
282	13.250437737	
283	14.029094696	
284	14.864734650	
285	15.000000000	
286	15.834138870	
287	16.941453934	
288	17.198488235	
289	17.272117615	
290	20.091150284	
291	22.705314636	
292	23.578100204	
293	27.937198639	
294	33.911922455	
295	38.683113098	
296	47.323989868	
297	62.565216064	
298	78.374893188	
299	95.312759399	
300	106.352165222	
301	117.203804016	
302	119.206153870	
303	116.752433777	
304	107.827301025	
305	95.605354309	
306	84.235031128	
307	73.212562561	
308	59.903686523	
309	49.091789246	
310	41.629863739	
311	32.786064148	
312	28.367149353	
313	24.456689835	
314	21.574583054	
315	18.808443069	
316	17.336677551	
317	17.000000000	
318	15.855982780	
319	15.000000000	
320	14.743961334	
321	13.927536011	
322	13.111110687	
323	13.000000000	
324	13.000000000	
325	13.000000000	
326	13.000000000	
327	13.000000000	
328	13.000000000	
329	13.000000000	
330	13.000000000	
331	12.916901588	
332	12.070853233	
333	12.000000000	
334	12.000000000	
335	12.000000000	
336	12.000000000	
337	12.135265350	
338	12.573160172	
339	12.024154663	
340	12.000000000	
341	12.000000000	
342	12.217391014	
343	13.000000000	
344	13.000000000	
345	13.000000000	
346	13.000000000	
347	13.000000000	
348	13.000000000	
349	13.000000000	
350	13.000000000	
351	13.565217018	
352	14.187440872	
353	15.000000000	
354	15.000000000	
355	15.000000000	
356	15.000000000	
357	15.668416977	
358	16.280193329	
359	16.514123917	
360	17.028985977	
361	17.917228699	
362	18.272142410	
363	19.212560654	
364	20.607086182	
365	22.001609802	
366	23.396135330	
367	24.102142334	
368	25.629629135	
369	27.840579987	
370	30.051528931	
371	31.787439346	
372	33.473430634	
373	36.210948944	
374	39.447666168	
375	42.893718719	
376	46.039478302	
377	54.079776764	
378	56.926277161	
379	61.985046387	
380	71.064910889	
381	74.893722534	
382	84.452499390	
383	90.958129883	
384	102.014419556	
385	108.542259216	
386	112.791870117	
387	125.195968628	
388	127.096527100	
389	131.038391113	
390	135.953369141	
391	138.386825562	
392	139.976226807	
393	139.833862305	
394	142.814147949	
395	143.706726074	
396	142.667297363	
397	142.262725830	
398	140.193664551	
399	140.254852295	
400	140.523452759	
401	138.456802368	
402	134.953018188	
403	132.973236084	
404	133.000000000	
405	131.134216309	
406	129.449432373	
407	129.345260620	
408	126.945106506	
409	126.557167053	
410	124.489532471	
411	120.599037170	
412	117.645729065	
413	116.673110962	
414	117.000000000	
415	115.439460754	
416	112.791648865	
417	110.625221252	
418	109.391159058	
419	106.324340820	
420	103.421058655	
421	105.235107422	
422	106.836471558	
423	104.606803894	
424	102.690277100	
425	101.717697144	
426	102.270530701	
427	103.555023193	
428	104.246475220	
429	103.745155334	
430	102.506065369	
431	102.898674011	
432	104.391304016	
433	105.991752625	
434	108.084777832	
435	109.825035095	
436	107.200141907	
437	111.028808594	
438	110.772453308	
439	110.768737793	
440	113.900665283	
441	116.797103882	
442	115.873191833	
443	117.352653503	
444	117.507247925	
445	118.666908264	
446	122.083732605	
447	124.270881653	
448	121.972007751	
449	121.892684937	
450	123.782608032	
451	125.207733154	
452	125.961296082	
453	123.681297302	
454	122.143318176	
455	123.496788025	
456	125.368057251	
457	126.980201721	
458	126.655220032	
459	125.695655823	
460	125.847740173	
461	125.247985840	
462	121.536300659	
463	116.968009949	
464	108.978919983	
465	101.438140869	
466	92.967796326	
467	85.094688416	
468	78.221801758	
469	70.722595215	
470	62.228656769	
471	55.582790375	
472	50.441261292	
473	45.830917358	
474	40.033817291	
475	35.597423553	
476	33.030597687	
477	30.623188019	
478	28.333738327	
479	26.106622696	
480	24.628019333	
481	22.579259872	
482	21.150138855	
483	19.666666031	
484	19.029903412	
485	18.621578217	
486	17.260869980	
487	16.080709457	
488	14.953168869	
489	14.309178352	
490	13.718087196	
491	12.420531273	
492	12.000000000	
493	11.998397827	
494	11.601220131	
495	11.869565010	
496	11.053139687	
497	10.236715317	
498	10.000000000	
499	10.000000000	
500	10.000000000	
501	9.971014023	
502	9.154589653	
503	8.480976105	
504	8.840579987	
505	9.663290024	
506	8.888889313	
507	8.072463989	
508	8.000000000	
509	8.560386658	
510	9.000000000	
511	8.806763649	
512	8.000000000	
513	7.533081055	
514	7.642511845	
515	8.000000000	
516	8.000000000	
517	8.000000000	
518	8.000000000	
519	8.000000000	
520	8.000000000	
521	8.000000000	
522	7.866414547	
523	7.006316662	
524	7.000000000	
525	7.000000000	
526	7.000000000	
527	7.000000000	
528	7.000000000	
529	7.000000000	
530	7.000000000	
531	7.000000000	
532	7.000000000	
533	7.154589176	
534	7.971014500	
535	8.000000000	
536	8.000000000	
537	8.000000000	
538	8.000000000	
539	8.000000000	
540	8.000000000	
541	8.000000000	
542	8.000000000	
543	8.318840981	
544	9.486312866	
545	10.000000000	
546	10.000000000	
547	10.000000000	
548	10.400966644	
549	11.217391014	
550	12.033816338	
551	12.850241661	
552	12.962963104	
553	13.000000000	
554	12.513236046	
555	11.884057999	
556	11.038990021	
557	10.250802994	
558	10.237555504	
559	9.939772606	
560	9.264090538	
561	8.676048279	
562	8.018241882	
563	7.352656841	
564	7.000000000	
565	7.000000000	
566	6.980240822	
567	6.285444260	
568	6.000000000	
569	6.000000000	
570	6.000000000	
571	6.000000000	
572	6.000000000	
573	6.000000000	
574	6.000000000	
575	6.000000000	
576	6.000000000	
577	6.000000000	
578	6.000000000	
579	6.000000000	
580	6.000000000	
581	6.000000000	
582	6.072393894	
583	6.975845337	
584	7.000000000	
585	6.811594009	
586	6.233494282	
587	6.344605446	
588	6.922705173	
589	7.000000000	
590	7.000000000	
591	7.000000000	
592	7.000000000	
593	7.000000000	
594	7.000000000	
595	7.000000000	
596	7.000000000	
597	7.000000000	
598	7.222222328	
599	8.000000000	
600	8.000000000	
601	8.815382957	
602	9.000000000	
603	9.000000000	
604	8.727733612	
605	8.015675545	
606	7.671497822	
607	7.093397617	
608	7.000000000	
609	6.797101498	
610	5.987615585	
611	5.164251328	
612	5.652173996	
613	6.000000000	
614	6.000000000	
615	6.000000000	
616	6.000000000	
617	6.000000000	
618	6.000000000	
619	5.632850170	
620	5.000000000	
621	5.000000000	
